visualizing the mesh using open3D
The type of world_to_screen_transform =  <class 'pytorch3d.transforms.transform3d.Transform3d'>
Xudong comment, load obj is called
world_to_view_vertices =  tensor([[[-32.2545, -64.8477,  19.9112],
         [-33.1470, -64.4302,   9.9598],
         [-66.8084,  29.4765,  16.9185],
         [-65.9159,  29.0590,  26.8698],
         [ 61.4859, -30.7290,  12.9355],
         [ 60.5934, -30.3115,   2.9842],
         [ 26.9319,  63.5952,   9.9428],
         [ 27.8244,  63.1777,  19.8942]],

        [[-37.1586, -61.9293,  19.9488],
         [-37.7989, -61.5590,   9.9762],
         [-63.3807,  34.9721,  15.2026],
         [-62.7405,  34.6018,  25.1752],
         [ 59.3016, -36.0828,  14.7152],
         [ 58.6613, -35.7126,   4.7426],
         [ 33.0795,  60.8185,   9.9690],
         [ 33.7197,  60.4483,  19.9416]],

        [[-41.7851, -58.4643,  19.9767],
         [-42.1892, -58.1812,   9.9889],
         [-59.4235,  40.2607,  13.4767],
         [-59.0194,  39.9776,  23.4645],
         [ 56.6357, -41.1101,  16.4868],
         [ 56.2316, -40.8270,   6.4989],
         [ 38.9973,  57.6150,   9.9868],
         [ 39.4014,  57.3318,  19.9746]],

        [[-46.0821, -54.4779,  19.9940],
         [-46.2711, -54.3193,   9.9971],
         [-54.9551,  45.2877,  11.7421],
         [-54.7660,  45.1290,  21.7390],
         [ 53.5222, -45.7637,  18.2488],
         [ 53.3331, -45.6050,   8.2518],
         [ 44.6492,  54.0019,   9.9968],
         [ 44.8383,  53.8433,  19.9938]],

        [[-50.0000, -50.0000,  20.0000],
         [-50.0000, -50.0000,  10.0000],
         [-50.0000,  50.0000,  10.0000],
         [-50.0000,  50.0000,  20.0000],
         [ 50.0000, -50.0000,  20.0000],
         [ 50.0000, -50.0000,  10.0000],
         [ 50.0000,  50.0000,  10.0000],
         [ 50.0000,  50.0000,  20.0000]],

        [[-53.4917, -45.0656,  19.9938],
         [-53.3331, -45.2546,   9.9968],
         [-44.5885,  54.3470,   8.2518],
         [-44.7471,  54.5361,  18.2488],
         [ 46.1126, -53.7798,  21.7390],
         [ 46.2712, -53.9689,  11.7421],
         [ 55.0158,  45.6328,   9.9971],
         [ 54.8572,  45.8218,  19.9940]],

        [[-56.5132, -39.7142,  19.9746],
         [-56.2304, -40.1184,   9.9868],
         [-38.7562,  58.2812,   6.4989],
         [-39.0391,  58.6855,  16.4868],
         [ 41.9075, -57.0684,  23.4645],
         [ 42.1904, -57.4727,  13.4767],
         [ 59.6646,  40.9270,   9.9889],
         [ 59.3817,  41.3312,  19.9767]],

        [[-59.0244, -33.9898,  19.9416],
         [-58.6550, -34.6306,   9.9690],
         [-32.5440,  61.7587,   4.7426],
         [-32.9134,  62.3995,  14.7152],
         [ 37.4358, -59.8363,  25.1752],
         [ 37.8052, -60.4771,  15.2026],
         [ 63.9162,  35.9122,   9.9762],
         [ 63.5468,  36.5530,  19.9488]]], device='cuda:0')
world_to_screen_vertices =  tensor([[[-1.4319e+03, -7.2106e+02,  5.0223e-02],
         [-3.4817e+03, -1.6847e+03,  1.0040e-01],
         [-4.2266e+03,  7.7868e+02,  5.9107e-02],
         [-2.4318e+03,  5.8044e+02,  3.7216e-02],
         [ 6.2159e+03, -4.5667e+02,  7.7306e-02],
         [ 2.4878e+04, -2.7912e+03,  3.3510e-01],
         [ 3.7624e+03,  2.1748e+03,  1.0057e-01],
         [ 2.1903e+03,  1.2087e+03,  5.0266e-02]],

        [[-1.7232e+03, -6.7532e+02,  5.0128e-02],
         [-4.0347e+03, -1.5952e+03,  1.0024e-01],
         [-4.4909e+03,  9.4612e+02,  6.5778e-02],
         [-2.4786e+03,  6.6833e+02,  3.9722e-02],
         [ 5.3479e+03, -4.7962e+02,  6.7957e-02],
         [ 1.5355e+04, -2.0031e+03,  2.1085e-01],
         [ 4.4939e+03,  2.0862e+03,  1.0031e-01],
         [ 2.5411e+03,  1.1654e+03,  5.0146e-02]],

        [[-1.9980e+03, -6.2199e+02,  5.0058e-02],
         [-4.5563e+03, -1.4914e+03,  1.0011e-01],
         [-4.7792e+03,  1.1522e+03,  7.4202e-02],
         [-2.5063e+03,  7.6712e+02,  4.2618e-02],
         [ 4.6343e+03, -4.9206e+02,  6.0655e-02],
         [ 1.0895e+04, -1.6286e+03,  1.5387e-01],
         [ 5.1979e+03,  1.9867e+03,  1.0013e-01],
         [ 2.8791e+03,  1.1171e+03,  5.0064e-02]],

        [[-2.2538e+03, -5.6141e+02,  5.0015e-02],
         [-5.0422e+03, -1.3741e+03,  1.0003e-01],
         [-5.1042e+03,  1.4131e+03,  8.5164e-02],
         [-2.5111e+03,  8.7878e+02,  4.6000e-02],
         [ 4.0315e+03, -4.9633e+02,  5.4798e-02],
         [ 8.2678e+03, -1.4020e+03,  1.2118e-01],
         [ 5.8716e+03,  1.8766e+03,  1.0003e-01],
         [ 3.2031e+03,  1.0639e+03,  5.0016e-02]],

        [[-2.4880e+03, -4.9400e+02,  5.0000e-02],
         [-5.4880e+03, -1.2440e+03,  1.0000e-01],
         [-5.4880e+03,  1.7560e+03,  1.0000e-01],
         [-2.4880e+03,  1.0060e+03,  5.0000e-02],
         [ 3.5120e+03, -4.9400e+02,  5.0000e-02],
         [ 6.5120e+03, -1.2440e+03,  1.0000e-01],
         [ 6.5120e+03,  1.7560e+03,  1.0000e-01],
         [ 3.5120e+03,  1.0060e+03,  5.0000e-02]],

        [[-2.6985e+03, -4.2019e+02,  5.0016e-02],
         [-5.8900e+03, -1.1021e+03,  1.0003e-01],
         [-5.9721e+03,  2.2318e+03,  1.2118e-01],
         [-2.4305e+03,  1.1525e+03,  5.4798e-02],
         [ 3.0574e+03, -4.8617e+02,  4.6000e-02],
         [ 5.2408e+03, -1.1229e+03,  8.5164e-02],
         [ 7.1158e+03,  1.6254e+03,  1.0003e-01],
         [ 3.8044e+03,  9.4353e+02,  5.0015e-02]],

        [[-2.8831e+03, -3.4047e+02,  5.0064e-02],
         [-6.2446e+03, -9.4915e+02,  1.0013e-01],
         [-6.6442e+03,  2.9463e+03,  1.5387e-01],
         [-2.3295e+03,  1.3239e+03,  6.0655e-02],
         [ 2.6552e+03, -4.7363e+02,  4.2618e-02],
         [ 4.2687e+03, -1.0234e+03,  7.4202e-02],
         [ 7.6797e+03,  1.4852e+03,  1.0011e-01],
         [ 4.0791e+03,  8.7669e+02,  5.0058e-02]],

        [[-3.0398e+03, -2.5534e+02,  5.0146e-02],
         [-6.5485e+03, -7.8615e+02,  1.0031e-01],
         [-7.7225e+03,  4.1626e+03,  2.1085e-01],
         [-2.1720e+03,  1.5281e+03,  6.7957e-02],
         [ 2.2964e+03, -4.5704e+02,  3.9722e-02],
         [ 3.4961e+03, -9.3742e+02,  6.5778e-02],
         [ 8.2002e+03,  1.3359e+03,  1.0024e-01],
         [ 4.3346e+03,  8.0570e+02,  5.0128e-02]]], device='cuda:0')
